0.0	-430.27312490236227	-1250.52059036888	304.6483730246608	0.0
0.02	-430.27571774365083	-1235.9121328328893	299.2216781392486	0.0
0.04	-430.281509615202	-1194.7449906332374	283.92962555081465	0.0
0.06	-430.2854762335139	-1121.9996075758643	256.90976636149753	0.0
0.08	-430.27469094780804	-1018.6728809643042	218.53715960856925	0.0
0.1	-430.24699815906365	-908.1045193151597	177.4812144954376	0.0
0.12	-430.23554492692915	-832.3684415219859	149.35630751105197	0.0
0.14	-430.2473786127617	-809.7784421564443	140.96175348148245	0.0
0.16	-430.2622585692982	-823.7938861444661	146.16170743829684	0.0
0.18	-430.2696167926059	-850.1242252549403	155.93833417358766	0.0
0.2	-430.27066061895914	-874.3223343532029	164.9253739114869	0.0
0.22	-430.27004627450333	-891.693694321994	171.37750443742135	0.0
0.24	-430.267445890129	-901.6550941159554	175.07823692480665	0.0
0.26	-430.2653053162477	-906.6213247934979	176.9235412775216	0.0
0.28	-430.26399182274224	-908.9630387726642	177.79376585919164	0.0
0.3	-430.26281389720805	-909.9868477096554	178.17445655704395	0.0
0.32	-430.26238286296126	-910.5950404482654	178.40050570683252	0.0
0.34	-430.2624421634002	-910.6513478209149	178.42139682129024	0.0
0.36	-430.2618399621255	-909.4032603481362	177.95806791832342	0.0
0.38	-430.260526668668	-906.9683044637377	177.0541879466468	0.0
0.4	-430.25959335684416	-904.3897758210786	176.09684244188708	0.0
0.42	-430.2597974629624	-902.135855282111	175.25963728779422	0.0
0.44	-430.2603891662187	-899.1495501032637	174.1502729632025	0.0
0.46	-430.2604353613893	-893.8571053765934	172.18458722021813	0.0
0.48	-430.2594616153822	-885.6082225203714	169.12122866433023	0.0
0.5	-430.2574601055221	-875.4581435345532	165.35212796906563	0.0
0.52	-430.2557067904109	-865.9934483284604	161.83749370015656	0.0
0.54	-430.2561762388351	-859.270143792947	159.34021465812123	0.0
0.56	-430.2576362641163	-854.3337582609998	157.5062478632332	0.0
0.58	-430.2578908754053	-848.749994971836	155.43228599204838	0.0
0.6	-430.25691305711916	-841.6016667269452	152.7776862882092	0.0
0.62	-430.25568245351644	-833.8225655352659	149.8889048898952	0.0
0.64	-430.2550253679359	-826.8687303348136	147.30642278634906	0.0
0.66	-430.2551174535649	-821.4827964679343	145.30599716776214	0.0
0.68	-430.25553254426677	-817.3670971675494	143.77722980764017	0.0
0.7000000000000001	-430.25578427346744	-813.7243016952889	142.42416448345048	0.0
0.72	-430.2557429356366	-809.9400367396975	141.0186647814105	0.0
0.74	-430.2556165212889	-805.8009073780693	139.48139637532512	0.0
0.76	-430.25561274692296	-801.244985857556	137.7892815106866	0.0
0.78	-430.25569733389244	-796.0908984028625	135.8749688271494	0.0
0.8	-430.25570156427034	-790.0752702748704	133.64070089235045	0.0
0.8200000000000001	-430.2555184983755	-783.0798571772174	131.04260027292784	0.0
0.84	-430.25512099559364	-775.2922592697505	128.15035368444862	0.0
0.86	-430.2545444478896	-767.2460375266787	125.16211803374973	0.0
0.88	-430.25399095178955	-759.7370622151021	122.37341269009248	0.0
0.9	-430.2537825062465	-753.5021483278362	120.05777875146322	0.0
0.92	-430.25400347244073	-748.7672828681145	118.29911879026972	0.0
0.9400000000000001	-430.25439980746364	-745.1278361411529	116.94724351654605	0.0
0.96	-430.25472874006033	-741.8873634691221	115.74357635789906	0.0
0.98	-430.2549373974315	-738.4216138280714	114.45628367972542	0.0
1.0	-430.2550404368268	-734.3036075668342	112.92677538961219	0.0
1.02	-430.254997706426	-729.3179829757883	111.0750788390316	0.0
1.04	-430.2547259022787	-723.5262167920414	108.92405806248706	0.0
1.06	-430.25433870758593	-717.3454306801692	106.62859412747667	0.0
1.08	-430.25425652169565	-711.3277900309018	104.39361081740213	0.0
1.1	-430.254500858012	-705.6077094187023	102.26902310197822	0.0
1.12	-430.25453106973094	-699.8876645292278	100.14452818242815	0.0
1.1400000000000001	-430.2542553754992	-694.0990456035803	97.99467777483662	0.0
1.16	-430.2540751669706	-688.5461126318048	95.9323280982433	0.0
1.18	-430.25410976045873	-683.4247099989233	94.03017346290524	0.0
1.2	-430.2541528206228	-678.6489854288609	92.25640408263067	0.0
1.22	-430.25409401884536	-674.1050436876869	90.56875906940974	0.0
1.24	-430.25398129656463	-669.8181843768	88.97661715033031	0.0
1.26	-430.2538905481826	-665.9029484662716	87.52249183569143	0.0
1.28	-430.25386962479735	-662.4535718716367	86.24136554457641	0.0
1.3	-430.25393322991647	-659.4678322950334	85.13240743159251	0.0
1.32	-430.2540593197546	-656.8223059690721	84.14978482317804	0.0
1.34	-430.2541968495362	-654.3039205258154	83.21437940168741	0.0
1.36	-430.25429169000915	-651.6848626662106	82.24159906114953	0.0
1.3800000000000001	-430.2543122572256	-648.8036379829302	81.17147484278374	0.0
1.4000000000000001	-430.25426539637374	-645.6134510818382	79.98662391194028	0.0
1.42	-430.2541935078565	-642.1738393350327	78.70914331505108	0.0
1.44	-430.2541358862624	-638.592251692441	77.37892610649766	0.0
1.46	-430.25408880814865	-634.9691139986115	76.03327286419118	0.0
1.48	-430.25402398490525	-631.3979604490319	74.70693366022145	0.0
1.5	-430.2539387257157	-627.9977671147374	73.44409843451355	0.0
1.52	-430.25387003527965	-624.9128638641769	72.29835904566015	0.0
1.54	-430.25386648792517	-622.2602563117667	71.31315454526063	0.0
1.56	-430.25395032855886	-620.0622312181878	70.49675420422699	0.0
1.58	-430.25409519390627	-618.2178072585228	69.81166230802417	0.0
1.6	-430.2542230441304	-616.5455952437842	69.1905380248599	0.0
1.62	-430.254221835558	-614.901034669734	68.5797317058787	0.0
1.6400000000000001	-430.2540402768205	-613.3297075125735	67.99619201755768	0.0
1.6600000000000001	-430.2538389599006	-612.1128618958209	67.5443177697257	0.0
1.68	-430.2538781045134	-611.5290164205378	67.32745699663667	0.0
1.7	-430.2541433391872	-611.5117760619237	67.32095523864469	0.0
1.72	-430.25438917263165	-611.6649214145117	67.37774369786516	0.0
1.74	-430.2544929410237	-611.5873516787595	67.34889495689256	0.0
1.76	-430.2544862724973	-611.0697254835277	67.15664572322147	0.0
1.78	-430.254414423566	-610.0808985855432	66.78941189477841	0.0
1.8	-430.2543065300026	-608.7096691942861	66.28016322156984	0.0
1.82	-430.2541968651874	-607.1174917621086	65.68885282380337	0.0
1.84	-430.2541012338355	-605.4863670636564	65.0830717972623	0.0
1.86	-430.2539893603548	-603.9929069111367	64.52842683617163	0.0
1.8800000000000001	-430.25383347447666	-602.8392086715909	64.099989302311	0.0
1.9000000000000001	-430.2536780542151	-602.2771627683761	63.89129737864578	0.0
1.92	-430.25361575330055	-602.539835822958	63.988880000912744	0.0
1.94	-430.25370567443093	-603.7102503193249	64.4235506250442	0.0
1.96	-430.25392863258526	-605.6366250927392	65.13894328570143	0.0
1.98	-430.2541945438817	-607.9616749006515	66.00239201496403	0.0
2.0	-430.25440617566227	-610.2545767828889	66.85392083286038	0.0
2.02	-430.25452471543974	-612.1563789403045	67.56022575242709	0.0
2.04	-430.2545632016138	-613.448830548112	68.04024132255437	0.0
2.06	-430.2545402456631	-614.0485645396877	68.26299724191611	0.0
2.08	-430.2544590787694	-613.9852114352816	68.23949739140417	0.0
2.1	-430.25432690010445	-613.3929593914845	68.01957796325269	0.0
2.12	-430.2541827006594	-612.49210301613	67.68504416643292	0.0
2.14	-430.25408643080664	-611.5272630883289	67.3267284164261	0.0
2.16	-430.2540673007575	-610.6806455598778	67.01229303498695	0.0
2.18	-430.2540954210675	-610.0295027753803	66.77044144133674	0.0
2.2	-430.25411558958643	-609.5848991157383	66.605303563367	0.0
2.22	-430.2541005922052	-609.3670756373317	66.5244072458909	0.0
2.24	-430.2540718321791	-609.4439592682096	66.55297330155194	0.0
2.2600000000000002	-430.25407781325936	-609.9021235328511	66.723138015923	0.0
2.2800000000000002	-430.2541549804137	-610.7786602573733	67.04866413994726	0.0
2.3000000000000003	-430.254302683143	-612.008674184254	67.50544914691172	0.0
2.32	-430.25447617606727	-613.4267392663161	68.03206871471558	0.0
2.34	-430.2545961696886	-614.8339702376975	68.55468425220576	0.0
2.36	-430.2545981455153	-616.1114731114936	69.02916126858106	0.0
2.38	-430.2547139444394	-617.2594437876529	69.45548641500406	0.2707999003960028
2.4	-430.25455134188917	-618.2158396794986	69.81076211080263	0.770452499751332
2.42	-430.2544516639723	-619.2084625113889	70.17946949511098	1.194066581353646
2.44	-430.254428716285	-620.4171772503098	70.62840714520094	1.4996311285668247
2.46	-430.2544801867003	-621.8929295887629	71.17649767573747	1.6568422376174456
2.48	-430.2546605480037	-623.5527922458078	71.79292080707616	1.6501084596741056
2.5	-430.2549640049106	-625.1209660552195	72.37524403526498	1.4800970506016222
2.52	-430.2552514490412	-626.1545177326694	72.75900903404653	1.163667761402337
2.54	-430.2553503583906	-626.2471417608982	72.79337381798948	0.732200738903055
2.56	-430.2552002160799	-625.2779339273923	72.43345579151712	0.22848439214574034
2.58	-430.25449643253245	-623.5617363744185	71.79630370291856	0.0
2.6	-430.2542490102882	-621.8561925636832	71.16293902682881	0.0
2.62	-430.25414262123786	-620.6278666108868	70.70676560653123	0.0
2.64	-430.2541071575201	-620.1171173705063	70.51708123968825	0.0
2.66	-430.25404602193703	-620.4545526995554	70.64243090936783	0.0
2.68	-430.2540248832003	-621.7751784975983	71.13293280979259	0.0
2.7	-430.2542348830771	-624.1211054771906	72.00415630213243	0.0
2.72	-430.25469354878425	-627.193874634936	73.14524412285948	0.0
2.74	-430.25507868831977	-630.3547360742508	74.31907763438778	0.0
2.7600000000000002	-430.25511768527497	-633.0577451103865	75.32298859960166	0.0
2.7800000000000002	-430.25495719421593	-635.2098925101345	76.12237796048142	0.0
2.8000000000000003	-430.25482904662107	-637.0029605670688	76.78838953530915	0.0
2.82	-430.2547447513072	-638.6057462189567	77.38371197413852	0.0
2.84	-430.25472064659385	-640.1044076989137	77.94033926561777	0.0
2.86	-430.2547781430524	-641.4827347484116	78.45224280034438	0.0
2.88	-430.254795176765	-642.6268065634565	78.87715655193485	0.0
2.9	-430.2546813564714	-643.495526293477	79.19985029824458	0.0
2.92	-430.2545132663179	-644.247427979345	79.47917677386577	0.0
2.94	-430.25448775795394	-645.1317454925344	79.80763089784006	0.0
2.96	-430.254725707972	-646.2116917712742	80.20864571292293	0.0
2.98	-430.2550704582492	-647.2063293723368	80.57793633807536	0.0
3.0	-430.2552105972101	-647.7077629999127	80.76412191272696	0.0
3.02	-430.25497646492795	-647.610671009461	80.72814790470096	0.0
3.04	-430.2546121758626	-647.3224326065056	80.62122848815312	0.0
3.06	-430.25462499150075	-647.3945599137395	80.64801255450028	0.0
3.08	-430.2549931205795	-647.8640638373541	80.82225442972717	0.0
3.1	-430.25523344869515	-648.2781470385437	80.97595994334081	0.0
3.12	-430.255206217773	-648.3176544322185	80.9906435108844	0.0
3.14	-430.25504661500435	-648.0451581174241	80.88949484572349	0.0
3.16	-430.25484167912106	-647.7544899427461	80.7816138014682	0.0
3.18	-430.2547079703256	-647.8122424676918	80.80311334602303	0.0
3.2	-430.2548058501357	-648.4609032330409	81.04399629440402	0.0
3.22	-430.2550885507798	-649.6072777449843	81.46966661994493	0.0
3.24	-430.2552882240831	-650.9005671454149	81.94993348833468	0.0
3.2600000000000002	-430.2552888076043	-652.0913910941504	82.3922175745963	0.0
3.2800000000000002	-430.2553726145941	-653.1695296410392	82.7926182297266	0.0
3.3000000000000003	-430.2556760295256	-654.01487183169	83.10647435120724	0.0
3.3200000000000003	-430.25575862213327	-654.260012933548	83.19749161036631	0.0
3.34	-430.25533342913377	-653.8480545821391	83.04464394861365	0.0
3.36	-430.25473701587464	-653.4056409119224	82.88054846015056	0.0
3.38	-430.25451066418924	-653.7972546697345	83.02608192031957	0.0
3.4	-430.254861754932	-655.3720799171551	83.61085786952471	0.0
3.42	-430.25549363421743	-657.6626818647937	84.4613763837175	0.0
3.44	-430.25595259338473	-659.7801072830994	85.24763957217789	0.0
3.46	-430.256038814479	-661.0508694361572	85.71958172574995	0.0
3.48	-430.2557907549053	-661.3405261601798	85.8272553539817	0.0
3.5	-430.25533451432796	-661.0252411302278	85.71032469280645	0.0
3.52	-430.25489195741216	-660.7887131622377	85.62264013490572	0.0
3.54	-430.2547127937237	-661.2788022105156	85.80473080803728	0.0
3.56	-430.25486493142347	-662.748623324782	86.35058103183674	0.0
3.58	-430.2551920757379	-664.9598686401523	87.17173885561586	0.0
3.6	-430.2555319847402	-667.4010087702256	88.07827724498428	0.0
3.62	-430.2558543256915	-669.5392106802647	88.87230777828779	0.0
3.64	-430.25611684955	-670.9165538242746	89.38376973107094	0.0
3.66	-430.25611784961364	-671.2535505059703	89.5089334047766	0.0
3.68	-430.2558043415775	-670.7017290214545	89.30409765115546	0.0
3.7	-430.25571016422015	-669.8168435246707	88.97547702472501	0.0
3.72	-430.2561154831002	-668.8294920801592	88.60861396987825	0.0
3.74	-430.256244725533	-667.338890524715	88.05494116830161	0.0
3.7600000000000002	-430.2557186133136	-665.2729639938901	87.28783013941872	0.0
3.7800000000000002	-430.25502869977356	-663.4277193210534	86.60274346736782	0.0
3.8000000000000003	-430.25479734671944	-662.8331595117144	86.3820037456712	0.0
3.8200000000000003	-430.25517200625603	-663.8771255644991	86.76960435821897	0.0
3.84	-430.2556804979429	-666.0957735863325	87.59344426928347	0.0
3.86	-430.2558836986175	-668.7907069200764	88.59429484833792	0.0
3.88	-430.2558671372463	-671.6229392955187	89.6462213301958	0.0
3.9	-430.2558937112515	-674.5337687855912	90.72732357056786	0.0
3.92	-430.25595373283244	-677.4147458470998	91.79732588814136	0.0
3.94	-430.25597731644183	-680.0979568678674	92.7938893908223	0.0
3.96	-430.2559917111997	-682.4615961971033	93.67176408235785	0.0
3.98	-430.2560734291915	-684.4069066947494	94.3942421244514	0.0
4.0	-430.25625028872275	-685.7455226491182	94.89135221598086	0.0
4.0200000000000005	-430.2563383003474	-686.1804672542477	95.05286244220865	0.0
4.04	-430.25625399783985	-685.5451173698419	94.81691824961824	0.0
4.0600000000000005	-430.2560980012717	-683.937062615693	94.21972805872045	0.0
4.08	-430.25590302932073	-681.61435278	93.35712207168191	0.0
4.1	-430.25563988175384	-678.9356411769116	92.3623186756837	0.0
4.12	-430.2553656081541	-676.3602567859683	91.40589620486035	0.0
4.14	-430.25516342768935	-674.3493031826329	90.6590823769308	0.0
4.16	-430.25511753834405	-673.2251016174199	90.24155935845398	0.0
4.18	-430.2553022515093	-673.037556128691	90.17183442423294	0.0
4.2	-430.2556283652511	-673.4856969006474	90.33815740941168	0.0
4.22	-430.2559524777322	-674.0518387639795	90.54830796090063	0.0
4.24	-430.2561172896293	-674.237424431084	90.61717517993148	0.0
4.26	-430.2558969088325	-673.8352945085999	90.46790182873802	0.0
4.28	-430.25528935496175	-673.2334421027773	90.24459328631856	0.0
4.3	-430.25469104261276	-673.3782852996499	90.29861176369282	0.0
4.32	-430.25471612429584	-675.1669667623942	90.96293720123693	0.0
4.34	-430.25564779715035	-678.553491297309	92.22038132703373	0.0
4.36	-430.2567787155055	-682.2127967273733	93.57906509035217	0.0
4.38	-430.25709534380917	-684.5338335190261	94.44100450714478	0.0
4.4	-430.2563443177879	-685.0443803176131	94.63090579542168	0.0
4.42	-430.25548853534076	-684.7384671048527	94.51760431783511	0.0
4.44	-430.2554496471233	-684.7808602952525	94.5333640297014	0.0
4.46	-430.25580231130385	-685.3115600422414	94.73034040904811	0.0
4.48	-430.25636107282276	-685.8207871700769	94.91926508938141	0.0
4.5	-430.25701929817666	-685.5061805453826	94.8021724707722	0.0
4.5200000000000005	-430.2571487658233	-683.5768087324419	94.0855357841284	0.0
4.54	-430.25650426174667	-680.0917493441007	92.79138813951434	0.0
4.5600000000000005	-430.25567266650904	-676.2448452730105	91.36291713334427	0.0
4.58	-430.2550687595532	-673.5482746892555	90.36160728918837	0.0
4.6000000000000005	-430.2547813041198	-673.1151778688806	90.20085742477484	0.0
4.62	-430.255322214216	-675.2744682160433	91.00263924240735	0.0
4.64	-430.25608940170093	-679.063326566283	92.40957539056843	0.0
4.66	-430.2564620383499	-683.0281863476671	93.88202682671374	0.0
4.68	-430.2564372882372	-686.1999277781836	95.060053516493	0.0
4.7	-430.2561569523545	-688.2450743247246	95.81974616792577	0.0
4.72	-430.2558188047721	-689.2825434684809	96.20519850533671	0.0
4.74	-430.25559688933765	-689.5953244944719	96.32145102774223	0.0
4.76	-430.2555969726595	-689.3618568905648	96.23473871949062	0.0
4.78	-430.25576171652654	-688.5011178311894	95.91499016307247	0.0
4.8	-430.25588014668335	-686.7550155074838	95.26642575537447	0.0
4.82	-430.2557714035475	-683.9807693996116	94.2360825110547	0.0
4.84	-430.2554145698708	-680.4044125678947	92.9079192100934	0.0
4.86	-430.2549963720387	-676.6324332509332	91.5071224907127	0.0
4.88	-430.2548331158837	-673.3553119836218	90.29002646957339	0.0
4.9	-430.2550463437502	-670.8938466318696	89.37573364239105	0.0
4.92	-430.2553559474004	-669.0357561802246	88.68550468453304	0.0
4.94	-430.2553931541548	-667.4145914573179	88.08337355824573	0.0
4.96	-430.25519072893405	-665.9997966600146	87.55797935370167	0.0
4.98	-430.25514013955257	-665.0536903159569	87.20660448381557	0.0
5.0	-430.25538323616263	-664.6304454445376	87.04931668240518	0.0
5.0200000000000005	-430.255622156065	-664.3926302944817	86.9609009442798	0.0
5.04	-430.2555762867512	-664.0003567681299	86.81522354495503	0.0
5.0600000000000005	-430.2552556334259	-663.5054783754215	86.6315396970761	0.0
5.08	-430.2548922156509	-663.3455779831653	86.5722860184496	0.0
5.1000000000000005	-430.2547855834039	-664.0000205193315	86.81539233406414	0.0
5.12	-430.25508128976344	-665.5533502821435	87.39220520879948	0.0
5.14	-430.25567466948667	-667.486504568101	88.10997827198169	0.0
5.16	-430.2563295651096	-668.8404089274026	88.6125890873308	0.0
5.18	-430.256710399574	-668.6220160384296	88.53133426886228	0.0
5.2	-430.25633383541344	-666.3777452294495	87.6979287909985	0.0
5.22	-430.2550515925851	-662.8710637553635	86.39598734336823	0.0
5.24	-430.25400110973584	-660.0814168663367	85.36027386185053	0.0
5.26	-430.25420603259033	-659.5735225227	85.1715605510651	0.0
5.28	-430.25492900076904	-661.1416493055413	85.753710502285	0.0
5.3	-430.255496762926	-663.6398654718611	86.68136289348513	0.0
5.32	-430.2559017520189	-665.9955815340037	87.5561497310933	0.0
5.34	-430.2560198204472	-667.4105454599093	88.0816380827287	0.0
5.36	-430.2557566752009	-667.5498130283895	88.13346122966105	0.0
5.38	-430.25531084633803	-666.6551727798094	87.80134819474951	0.0
5.4	-430.25489634323156	-665.2935898132808	87.29579618117741	0.0
5.42	-430.25457367591224	-664.0535387032395	86.83534824446497	0.0
5.44	-430.25442418399956	-663.4099727027314	86.5963767135876	0.0
5.46	-430.2545603214612	-663.5818810558363	86.66017468704044	0.0
5.48	-430.2549325897669	-664.3803196279138	86.95658474771837	0.0
5.5	-430.2553797978939	-665.2663050509414	87.28548277883534	0.0
5.5200000000000005	-430.25564769684667	-665.5961081631201	87.40787555758845	0.0
5.54	-430.2555185025153	-665.0019435337964	87.18724466702363	0.0
5.5600000000000005	-430.25516500091777	-663.675204083752	86.69461123844327	0.0
5.58	-430.2548590844301	-662.149240364315	86.1279661867618	0.0
5.6000000000000005	-430.25456615184225	-660.9400948112979	85.67898584906463	0.0
5.62	-430.2543497092854	-660.5154380415013	85.5213443316159	0.0
5.64	-430.25446563703093	-661.1733253709987	85.76564741794348	0.0
5.66	-430.25489707520825	-662.7260037452247	86.34216794803838	0.0
5.68	-430.2553517970091	-664.5273697348123	87.01104497697375	0.0
5.7	-430.2555523345324	-665.8856464286679	87.51544847578236	0.0
5.72	-430.25546356219115	-666.4686614218646	87.73201923150505	0.0
5.74	-430.2553461382031	-666.3584501842204	87.69112925302599	0.0
5.76	-430.2553761237519	-665.7164295991306	87.45266504560128	0.0
5.78	-430.25536002316824	-664.5583745801359	87.02255744119375	0.0
5.8	-430.25515813930554	-662.9709649591856	86.43305210882325	0.0
5.82	-430.2549276566922	-661.2683902696232	85.80078390342256	0.0
5.84	-430.254718158831	-659.8088800020115	85.25878453862687	0.0
5.86	-430.25456625792674	-658.8993273755168	84.92102372479613	0.0
5.88	-430.25464937839087	-658.7262009909737	84.85669192724176	0.0
5.9	-430.2549788824042	-659.1574738868259	85.01674874998949	0.0
5.92	-430.2553466431525	-659.7550978681024	85.23857587353848	0.0
5.94	-430.255609278964	-660.0603922294597	85.35186780410918	0.0
5.96	-430.2558043882349	-659.7933877321402	85.25262711291813	0.0
5.98	-430.25591378331495	-658.8259751443414	84.89327946436188	0.0
6.0	-430.2557580289358	-657.2166623108287	84.29562191985445	0.0
6.0200000000000005	-430.25521931707027	-655.437463279374	83.63500912269308	0.0
6.04	-430.2550009101223	-654.3734329286466	83.23989838901676	0.29965845966383753
6.0600000000000005	-430.25529365399086	-654.4565608038307	83.27066421158497	0.78292714268245
6.08	-430.2556411531674	-655.358857099492	83.60565730204742	1.188985150061989
6.1000000000000005	-430.2554814061153	-656.6097272351747	84.07030271020315	1.4775585712601769
6.12	-430.2554535312951	-658.2811575444625	84.69109952799967	1.6200258631506883
6.140000000000001	-430.2556336223849	-660.3189256304544	85.44788073571537	1.6022565831206304
6.16	-430.25537197693296	-662.4557191199592	86.2416050656751	1.4260128656325202
6.18	-430.2550972673587	-664.897362791639	87.14855875127407	1.1087746430806984
6.2	-430.2554726668396	-667.8083259462688	88.22958107866071	0.6820059465220488
6.22	-430.25603539770475	-670.5334102449445	89.24149650400373	0.18803423733720373
6.24	-430.25585486241744	-672.230755226837	89.87197499829877	0.0
6.26	-430.25570456421394	-672.7637910882935	90.0700058400854	0.0
6.28	-430.2554595296118	-672.3518665141363	89.91710381086467	0.0
6.3	-430.2554461818762	-671.3934993677656	89.56116132054542	0.0
6.32	-430.25560287657316	-669.9734159893877	89.03366950157276	0.3734586654785159
6.34	-430.2550691155087	-668.0567446502308	88.3219962319391	0.8785124187276403
6.36	-430.2545229066361	-666.47158546854	87.7334546217943	1.2966416583142129
6.38	-430.25458865317705	-666.0000093183102	87.55828195433625	1.5863764193552028
6.4	-430.25488182284244	-666.5807719621101	87.77387430704778	1.7189808769877064
6.42	-430.255202680855	-667.7161648952676	88.19545178886536	1.6813033559039032
6.44	-430.2556675557417	-668.8105259835991	88.60173613074288	1.4770807089113511
6.46	-430.25616970878144	-669.1116114400286	88.7133758714204	1.1265676973423893
6.48	-430.25643095740355	-667.8841005483902	88.25736862882242	0.6645281310205219
6.5	-430.25625528693485	-664.8111006596066	87.116090004855	0.1367870048460199
6.5200000000000005	-430.25516583389276	-660.3758345523141	85.46919103802549	0.15737812743126223
6.54	-430.2542620301669	-655.900367985492	83.80729225361573	0.3381775480541466
6.5600000000000005	-430.25349968069145	-652.8876775474785	82.68863108065064	0.48493315834945655
6.58	-430.253882509451	-652.4600415967664	82.52966048911595	0.844568094921355
6.6000000000000005	-430.25451807657635	-654.3653518369476	83.2370763175303	1.3475242668544771
6.62	-430.2551054767189	-657.5831339029988	84.43197561553089	1.7161808034579724
6.640000000000001	-430.25539589730823	-661.0520392705151	85.72025500037398	1.9139752505865941
6.66	-430.2555227889947	-664.0759236961884	86.84330975144987	1.9212911053322002
6.68	-430.25569211070393	-666.2206942009467	87.63983676154075	1.737403097187232
6.7	-430.255903097629	-667.0907153309553	87.96289322448271	1.3805489503064483
6.72	-430.2560088484418	-666.3728022496372	87.6962136208032	1.0618583953474903
6.74	-430.25573824538264	-664.0636863542231	86.83868465363777	0.6571385844293229
6.76	-430.254750031863	-660.8339693581622	85.63950146569626	0.18680103049504077
6.78	-430.253379476231	-658.4234665908219	84.74472490179576	0.0
6.8	-430.25362255839923	-658.7351475657676	84.86039614898324	0.0
6.82	-430.25498683869813	-661.5023699446725	85.88766438842626	0.0
6.84	-430.2559985421742	-664.7633959685544	87.09846734797439	0.0
6.86	-430.256212303161	-666.8565904682513	87.87582199235275	0.0
6.88	-430.2558365993496	-667.2639329617086	88.02725273817022	0.0
6.9	-430.255131721687	-666.4233534307357	87.71531462504221	0.0
6.92	-430.2545138357837	-665.300373900363	87.29845792833981	0.0
6.94	-430.2543711210785	-664.7499967022444	87.09409516318502	0.0
6.96	-430.25469453492576	-664.9572616632129	87.17095538927038	0.0
6.98	-430.25518465185723	-665.4264592549488	87.34503818212904	0.0
7.0	-430.25554754786003	-665.4078787001828	87.33800238903106	0.0
7.0200000000000005	-430.25563205477476	-664.3516012813084	86.94565866891506	0.0
7.04	-430.25534479997407	-662.172135330232	86.1362892135973	0.0
7.0600000000000005	-430.25458793402845	-659.401707254245	85.10760474521867	0.0
7.08	-430.2536952982278	-657.2373629362527	84.30407646522295	0.0
7.1000000000000005	-430.25351099266265	-656.9562184270114	84.19972494627504	0.0
7.12	-430.2541655635813	-658.7844476661203	84.87850503726695	0.0
7.140000000000001	-430.25495615881795	-661.7102877519687	85.96489860243898	0.0
7.16	-430.2554110398135	-664.4191290882453	86.97082128048604	0.0
7.18	-430.25544928732825	-666.050709325441	87.57679281176654	0.0
7.2	-430.2551668966783	-666.3998610363865	87.70657624300196	0.0
7.22	-430.25473425533164	-665.803173409971	87.48512098863462	0.0
7.24	-430.25431257112314	-664.8865134098929	87.14482062321528	0.0
7.26	-430.2540609152243	-664.2966172171841	86.92582055754626	0.0
7.28	-430.2541451628441	-664.4306127806366	86.97555660211276	0.0
7.3	-430.2545193358682	-665.2005792835428	87.26139113505762	0.0
7.32	-430.254870829991	-666.106983478906	87.59790845809567	0.0
7.34	-430.254997277676	-666.6586724548682	87.80276447281729	0.0
7.36	-430.25503940945754	-666.6584918150572	87.802681733149	0.0
7.38	-430.25523548909666	-666.0481758952264	87.5759312765112	0.0
7.4	-430.25549818834514	-664.6345042005447	87.05078145184278	0.0
7.42	-430.25537965613574	-662.2416847033061	86.16210762251725	0.0
7.44	-430.25462767068734	-659.2963064098564	85.0684430253484	0.0
7.46	-430.2537970859416	-657.0650356388716	84.24003452367741	0.0
7.48	-430.2536861035034	-656.8264473643007	84.15146159646913	0.0
7.5	-430.25422011152864	-658.7845334308022	84.87851663148429	0.0
7.5200000000000005	-430.25486968646726	-662.1060320222891	86.11191422494907	0.0
7.54	-430.25540309520244	-665.6476796989173	87.4271206057386	0.0
7.5600000000000005	-430.25560428782353	-668.4244117940286	88.45835283467974	0.0
7.58	-430.2552676632974	-669.9935726320084	89.04128038831358	0.0
7.6000000000000005	-430.25466569018056	-670.7181419454041	89.3106164873585	0.0
7.62	-430.2543604718275	-671.3797402711327	89.55645429398807	0.0
7.640000000000001	-430.2544799795706	-672.4231378318299	89.94393852871718	0.0
7.66	-430.25473160872536	-673.7422624587844	90.43378156989905	0.0
7.68	-430.25507965382246	-674.99988713538	90.90074708500751	0.0
7.7	-430.25559216688225	-675.7000946732982	91.1606210375778	0.0
7.72	-430.25594946700573	-675.1734046459562	90.96487022141646	0.0
7.74	-430.25587183095547	-673.0098781106657	90.1613429750376	0.0
7.76	-430.2554364863118	-669.4517832147972	88.83999150528345	0.0
7.78	-430.2547577231233	-665.3313374392158	87.30986752391603	0.0
7.8	-430.2538401109236	-661.9023312081014	86.03664003549858	0.0
7.82	-430.2529973825863	-660.7278924094368	85.600754344331	0.0
7.84	-430.253215780815	-663.0682520369927	86.46990694543895	0.0
7.86	-430.2546337965022	-668.5660611507354	88.51132331796929	0.0
7.88	-430.255910135602	-675.1512812515184	90.95666797251432	0.0
7.9	-430.2563289530432	-680.796061454838	93.05304203688654	0.0
7.92	-430.2561951931646	-684.6335498691409	94.47837451381508	0.0
7.94	-430.25604875510703	-686.6621301110284	95.23186453771352	0.0
7.96	-430.25605767590923	-687.0318408281883	95.3691755999313	0.0
7.98	-430.2559315762201	-685.8031182876341	94.91286220358262	0.0
8.0	-430.2554057166356	-683.3033039036077	93.98460065478602	0.0
8.02	-430.2547192935199	-680.4291030914474	92.91734775814038	0.0
8.040000000000001	-430.2545291422312	-678.2492315376834	92.10779159255254	0.0
8.06	-430.2549916668928	-677.1079106297051	91.68372144330506	0.0
8.08	-430.25547139448736	-676.4238776415887	91.42948635702237	0.0
8.1	-430.25549334309204	-675.5310527979508	91.09787384486145	0.0
8.120000000000001	-430.2551352690792	-674.3896608816341	90.6740821012	0.0
8.14	-430.25465222107226	-673.5533182796669	90.36363523740349	0.0
8.16	-430.25422952887084	-673.8092896365491	90.4588626330311	0.0
8.18	-430.2543492970092	-675.7834685692366	91.19204857758294	0.0
8.2	-430.2552650403922	-679.2341256829511	92.47331812131706	0.0
8.22	-430.2562045534551	-682.7930376738376	93.79478581523915	0.0
8.24	-430.25650602238346	-684.995083925264	94.61253654784528	0.0
8.26	-430.2562097637888	-685.2690365976417	94.71439543085563	0.0
8.28	-430.2555518214315	-684.011224650961	94.24747546074546	0.0
8.3	-430.2548469963501	-682.2425437425678	93.59083089919095	0.0
8.32	-430.25448012070785	-681.0874586545536	93.1619566392736	0.0
8.34	-430.2546252537308	-681.1778789326571	93.19548575972958	0.0
8.36	-430.2551210241132	-682.360353017423	93.63448470283825	0.0
8.38	-430.255508966306	-683.9342620152395	94.21890666047655	0.0
8.4	-430.255598819312	-685.2852920584305	94.72065978782017	0.0
8.42	-430.2555173649114	-686.2022386140786	95.06125345380667	0.0
8.44	-430.2552775883029	-686.7692345247465	95.27193064151611	0.0
8.46	-430.25505898349235	-687.2887162087917	95.46495269172176	0.0
8.48	-430.2552682480331	-687.9809111242117	95.72196330324117	0.0
8.5	-430.25573965467817	-688.4992488246993	95.91430418877343	0.0
8.52	-430.2559190387221	-688.1734243879912	95.79322300562653	0.0
8.540000000000001	-430.2557696695736	-686.7318542754139	95.25786446711543	0.0
8.56	-430.25559808618226	-684.4056420692449	94.39394897678784	0.0
8.58	-430.25542059758243	-681.5596203075122	93.33697304672704	0.0
8.6	-430.25495893452893	-678.6484503404027	92.25590594623235	0.0
8.620000000000001	-430.25445181164116	-676.4692255739128	91.4467077306353	0.0
8.64	-430.2546567961666	-675.7442071287714	91.17735226508478	0.0
8.66	-430.25542083091347	-676.1783720683258	91.33832183350874	0.0
8.68	-430.25579361634504	-676.6894040707895	91.5279859363419	0.0
8.700000000000001	-430.25554113181886	-676.649000135908	91.51307327334654	0.0
8.72	-430.2551714064379	-676.2716377060003	91.37305429259794	0.0
8.74	-430.2548913937972	-676.0245636933445	91.2813924542598	0.0
8.76	-430.25455409388144	-676.3191355850189	91.3909247712623	0.0
8.78	-430.25432248575873	-677.6138043911732	91.8718641475444	0.0
8.8	-430.2545642646628	-680.1571453490138	92.81639742551405	0.0
8.82	-430.2551660592113	-683.5147672274284	94.06322932663943	0.0
8.84	-430.25562113227085	-686.7221587742282	95.25431862621167	0.0
8.86	-430.2557037079997	-688.9733196377084	96.09039233175436	0.0
8.88	-430.2556485889792	-689.9775536733711	96.46339568732891	0.0
8.9	-430.25568416328997	-689.7129499168249	96.36510590896543	0.0
8.92	-430.2557608639175	-688.1374763535395	95.77993028242857	0.0
8.94	-430.2557330616483	-685.2344258054405	94.7017176775684	0.0
8.96	-430.2555280191577	-681.200960670102	93.20372325880773	0.0
8.98	-430.25517922154296	-676.5407510723744	91.47300287131058	0.0
9.0	-430.2547442917779	-672.0039210812347	89.78813893325638	0.0
9.02	-430.2542369366347	-668.4815238684408	88.48007269681261	0.0
9.040000000000001	-430.253869949382	-666.9112376269037	87.89698848535963	0.0
9.06	-430.25404668888416	-667.9166007713245	88.27032508893063	0.0
9.08	-430.2546544034546	-671.2832644452832	89.52051300746854	0.0
9.1	-430.2551736739628	-676.1058050478229	91.31146148989765	0.0
9.120000000000001	-430.2554799368794	-681.4639779462743	93.30142844757728	0.0
9.14	-430.25577656108754	-686.6597950260283	95.2310983587158	0.0
9.16	-430.25611621803677	-691.019170012841	96.85008906226479	0.0
9.18	-430.256213177703	-693.8778507927716	97.91179659159299	0.0
9.200000000000001	-430.25584581249683	-694.97911261854	98.32095304112372	0.0
9.22	-430.255259799757	-694.749833646873	98.23601411623507	0.0
9.24	-430.25484963295344	-693.9642080001798	97.94437698415801	0.0
9.26	-430.2548186709407	-693.1761022348284	97.65167786984581	0.0
9.28	-430.2550560301031	-692.4268888452284	97.37332412797511	0.0
9.3	-430.25522690320713	-691.4201083234983	96.99933198893612	0.0
9.32	-430.25510722853437	-689.9968345044705	96.47075785381888	0.0
9.34	-430.2547950783236	-688.4402438056826	95.89273994122767	0.0
9.36	-430.2546777933799	-687.2977536616412	95.46845087291129	0.0
9.38	-430.25497492991514	-686.8246146808802	95.29261181343507	0.0
9.4	-430.2553932627626	-686.6853038273781	95.24071495172242	0.0
9.42	-430.2555668193489	-686.3334963161815	95.10998555096216	0.0
9.44	-430.25551970425823	-685.5145968353735	94.80585533238076	0.0
9.46	-430.25538353706247	-684.2938249110116	94.35249861610626	0.0
9.48	-430.25506442272103	-682.9163595595676	93.84101229251034	0.0
9.5	-430.25463653824016	-681.879545714989	93.45608785218941	0.0
9.52	-430.25460843561433	-681.7579829786928	93.41094863509622	0.0
9.540000000000001	-430.25504125988226	-682.5645755370248	93.71036467930298	0.0
9.56	-430.25531325520603	-683.7005142394597	94.13216301356898	0.0
9.58	-430.25518548944547	-684.7385720132553	94.51775583627112	0.0
9.6	-430.25508270953526	-685.7546947543257	94.89519248146307	0.0
9.620000000000001	-430.25537005976247	-686.8027780926681	95.2843547239328	0.0
9.64	-430.2558442422053	-687.4458067018261	95.52300606870378	0.0
9.66	-430.2560315470796	-687.0293185010123	95.36824848610655	0.0
9.68	-430.255818007096	-685.3164701633937	94.73215824913373	0.0
9.700000000000001	-430.2555807094978	-682.6490162303702	93.74152646702338	0.0
9.72	-430.25552200636366	-679.4777462716532	92.56370588213277	0.0
9.74	-430.25523022098133	-676.1214708605225	91.31725893224778	0.0
9.76	-430.2545997399849	-673.2279185479913	90.24279791119076	0.0
9.78	-430.2543241017989	-671.8178184548126	89.71917456025527	0.0
9.8	-430.2546805457597	-672.3840362501311	89.92934130542237	0.0
9.82	-430.25519346104784	-674.4944522928505	90.71298109959837	0.0
9.84	-430.25560949137116	-677.3535035266515	91.77470771318222	0.0
9.86	-430.25589914639613	-680.2205378914869	92.83944628110217	0.0
9.88	-430.2561028034231	-682.5111871768449	93.69014142317818	0.0
9.9	-430.25621195813557	-683.7893067232652	94.16480767078548	0.0
9.92	-430.255976643032	-683.8477793691818	94.18661241333133	0.0
9.94	-430.25540196826944	-683.0205761418568	93.87959403871113	0.0
9.96	-430.2549964973151	-682.1229710727622	93.54636484952202	0.0
9.98	-430.2551360002467	-681.7538787146823	93.40922832614119	0.0
10.0	-430.25547987334807	-681.8032474141147	93.42743665254069	0.0
10.02	-430.25549505904405	-681.8869385198158	93.4585147527045	0.0
10.040000000000001	-430.25536631015365	-681.9973906307953	93.49958562517331	0.0
10.06	-430.2554155681091	-682.2942914373024	93.60983935359499	0.0
10.08	-430.2554802987588	-682.7080013701299	93.76347145019797	0.0
10.1	-430.2556001739105	-683.08422936399	93.90316188664536	0.0
10.120000000000001	-430.25585529182285	-683.1928690036024	93.94341701645331	0.0
10.14	-430.25609363686505	-682.6821340953524	93.75363627731252	0.0
10.16	-430.2560687360554	-681.2993551415863	93.24006715303994	0.0
10.18	-430.25550014292867	-679.2562624274202	92.48145261713967	0.0
10.200000000000001	-430.25478934940077	-677.4955941032252	91.827786228783	0.0
10.22	-430.2546163014856	-677.0811731923922	91.67393029776207	0.0
10.24	-430.25487119382916	-678.30306546697	92.12765902792295	0.0
10.26	-430.25539673147006	-680.7128763917955	93.022492482776	0.0
10.28	-430.2560501369222	-683.3965620670172	94.01899835468754	0.0
10.3	-430.25669572253605	-685.2426672660241	94.7044210988873	0.28508680896378735
10.32	-430.2564317846133	-685.3683462689639	94.75119760676213	0.8472799816432062
10.34	-430.255896968524	-684.0376876701636	94.25717590796438	1.3254676260803164
10.36	-430.2554204926773	-682.0494142604401	93.5188876141206	1.6722241275130778
10.38	-430.25503722480846	-680.1961624827152	92.83071312932016	1.853158926316656
10.4	-430.25490456242153	-679.1084998151888	92.42679326290178	1.8503272990562838
10.42	-430.2552124770072	-679.0065784718869	92.3888242615916	1.664010077207641
10.44	-430.2556606210462	-679.4906623239056	92.56845155429994	1.3126857949228943
10.46	-430.25572950930757	-679.9651586761611	92.74465881016978	0.8311980281759478
10.48	-430.25543330549493	-680.3224668689328	92.87747677327549	0.2672996846080726
10.5	-430.25475558367697	-680.9887355078713	93.12518753405622	0.0
10.52	-430.2551046893296	-682.4022454367669	93.6500500465887	0.0
10.540000000000001	-430.2556317569286	-684.0590151916708	94.26519567185981	0.0
10.56	-430.25612617937253	-685.1052491253394	94.65359411759104	0.0
10.58	-430.2565255673456	-684.7366481118102	94.51654356066042	0.0
10.6	-430.2564534568322	-682.41438214859	93.65405680043297	0.0
10.620000000000001	-430.2555131893136	-678.4158402459578	92.16930630084393	0.0
10.64	-430.25435624207273	-674.2376924440207	90.61792879393708	0.0
10.66	-430.25423336767307	-671.5863287590473	89.63323059803534	0.0
10.68	-430.25485937731946	-670.7476846350111	89.32151700973527	0.0
10.700000000000001	-430.2549226174865	-670.923202982042	89.38668284699213	0.0
10.72	-430.2542288829678	-671.9385550730042	89.76405275142115	0.0
10.74	-430.25396270114425	-674.5290575787699	90.72629097681866	0.0
10.76	-430.25461913261415	-678.8547577496436	92.33265685290273	0.0
10.78	-430.25541113765786	-683.8332961509701	94.1814432311629	0.0
10.8	-430.2558204483142	-688.1189722629127	95.7730355419614	0.0
10.82	-430.25591467210944	-690.9011154064369	96.80631721944685	0.120398416446972
10.84	-430.2556905007614	-691.9382022262672	97.19158522585678	0.3578189814824168
10.86	-430.255334305912	-691.5021921341594	97.02977887278728	0.5598668966631241
10.88	-430.2550436422839	-690.1199128714168	96.51649404597052	0.7065033143867236
10.9	-430.25480919899405	-688.2871028161754	95.83585655285962	0.7831850321760375
10.92	-430.25450345787584	-686.4384671005022	95.14936772690434	0.7823068697444665
10.94	-430.2541744845033	-685.0645135431286	94.63918938161119	0.7039559416101616
10.96	-430.25398299487733	-684.6293419180454	94.47763327062741	0.5559030174581778
10.98	-430.25402634696485	-685.3462357987188	94.74387895431428	0.3528318270744076
11.0	-430.2542652604918	-687.0521147528154	95.37737126633226	0.11488274633004658
11.02	-430.25457159997546	-689.2764467216205	96.20339733537052	0.0
11.040000000000001	-430.2550739239104	-691.3570678692593	96.97597493179008	0.0
11.06	-430.25543256580863	-692.4821563173601	97.39371118819788	0.0
11.08	-430.2554238871577	-692.0868259847618	97.2468846464932	0.0
11.1	-430.25507612306455	-690.171785087647	96.53574785866442	0.0
11.120000000000001	-430.25455873555615	-687.2739982479375	95.45967208642767	0.0
11.14	-430.254042402552	-684.215111004587	94.32376157018727	0.0
11.16	-430.25377451829644	-681.8062355436448	93.42917986114765	0.0
11.18	-430.25394881797274	-680.4753891082893	92.93482502500207	0.0
11.200000000000001	-430.25438316182743	-680.0223507537108	92.76640058529937	0.0
11.22	-430.2546541542338	-679.8836812007202	92.71479663297471	0.0
11.24	-430.254620722321	-679.7086524737382	92.64980157456328	0.0
11.26	-430.2546321416705	-679.55586117932	92.59304906985837	0.0
11.28	-430.2551331972672	-679.4407660374968	92.55011544926893	0.0
11.3	-430.256060521524	-678.7840045305749	92.30584303050426	0.0
11.32	-430.2563063089518	-676.6402752463898	91.50954856466178	0.0
11.34	-430.2542599063527	-673.3727554860407	90.29671806231076	0.0
11.36	-430.25302854400036	-672.1273712860308	89.83462685966276	0.0
11.38	-430.255361139616	-674.4586624054936	90.69962608855816	0.0
11.4	-430.25647465000264	-677.3408839472055	91.76969934230767	0.08055239115874968
11.42	-430.2558777027066	-678.6851526779593	92.26919633315977	0.17118372815502086
11.44	-430.2551742137621	-678.8673034207033	92.33711028173003	0.24485930136065204
11.46	-430.25500364119404	-678.728371523523	92.28557289385428	0.2942721536888908
11.48	-430.2550277492895	-678.5344525286632	92.21354042406655	0.3145216466147121
11.5	-430.2547843978017	-678.3049285448043	92.12838323119645	0.30359949370242123
11.52	-430.2544718150897	-678.3609101833299	92.14929148587908	0.2625889374478102
11.540000000000001	-430.25445488325505	-679.0914749932685	92.42063708383975	0.19555731555734535
11.56	-430.25470255694665	-680.4822601588013	92.93709705763347	0.10915267172655713
11.58	-430.25501706819375	-682.1271988092216	93.54792743423357	0.011944418162020246
11.6	-430.25527301612414	-683.5052341322466	94.05964891181327	0.0
11.620000000000001	-430.2553863062663	-684.1765159900408	94.30892784380507	0.0
11.64	-430.2552656741224	-683.9413506575169	94.22162981659552	0.0
11.66	-430.2550395266066	-682.9509568773097	93.85387134001246	0.0
11.68	-430.2548644711909	-681.5504886564925	93.33378800838702	0.0
11.700000000000001	-430.25474438074	-680.0703256864068	92.78408480993701	0.0
11.72	-430.2546773762611	-678.7869259330221	92.30744178394356	0.0
11.74	-430.2546229211605	-677.9204448390253	91.98564198937203	0.0
11.76	-430.2545209115872	-677.6779936512415	91.89563100371943	0.0
11.78	-430.2546291539012	-678.2667602912202	92.11426480713367	0.0
11.8	-430.2552207059824	-679.5220645458522	92.58027805257306	0.0
11.82	-430.25556955311964	-680.6695817531145	93.00634821945701	0.0
11.84	-430.2550426182373	-681.3018003476001	93.24135643853262	0.0
11.86	-430.2547831219434	-682.0598652884958	93.52300595985514	0.0
11.88	-430.255253972887	-683.2422143594705	93.96196772688843	0.0
11.9	-430.25542444010006	-684.2138938872564	94.32279621724398	0.0
11.92	-430.25522337486706	-684.6262669165058	94.47603049339584	0.0
11.94	-430.2549763369969	-684.7136663889353	94.50858331176866	0.0
11.96	-430.2548301405524	-684.9129648418204	94.58265911265174	0.0
11.98	-430.25534752494974	-685.512258011538	94.80505061824528	0.0
12.0	-430.2561650207906	-685.9814139242592	94.97899633918252	0.0
12.02	-430.25538988533435	-685.6557347519431	94.85832362712215	0.0
12.040000000000001	-430.2542284038784	-685.8133641450733	94.91730019654841	0.0
12.06	-430.2552112072235	-687.8833652924467	95.6857549602677	0.0
12.08	-430.25621285078745	-690.54198947092	96.67282339444243	0.0
12.1	-430.25642291971405	-692.0199786860991	97.2216858189542	0.0
12.120000000000001	-430.25619019657574	-691.6582494042295	97.08742226666288	0.0
12.14	-430.25570693705384	-689.6226826568118	96.33157125869396	0.0
12.16	-430.25517318126225	-686.5644251722816	95.19590111238111	0.0
12.18	-430.2546590175939	-683.3011971053387	93.98409549989778	0.0
12.200000000000001	-430.254293337067	-680.6386438747952	92.99533157200467	0.0
12.22	-430.2541794318167	-679.1602528254735	92.44628418596399	0.0
12.24	-430.25414100238476	-679.09402165667	92.42169951950098	0.0
12.26	-430.2540408655476	-680.5140175358406	92.94913783419241	0.0
12.280000000000001	-430.2541437218912	-683.4779694275783	94.04994195067935	0.0
12.3	-430.2546677961244	-687.7001442000854	95.61790658434766	0.0
12.32	-430.2553868944532	-692.3043806469325	97.32770043249963	0.0
12.34	-430.25592327853946	-696.1547932252107	98.75758417891254	0.0
12.36	-430.25610839525194	-698.4101271914762	99.59516973311358	0.0
12.38	-430.2560558091571	-698.7907597704007	99.73656013179256	0.0
12.4	-430.2558152824579	-697.4684838165246	99.24554253170606	0.0
12.42	-430.25537914510016	-694.9767605724339	98.32025279201534	0.13124419251485214
12.44	-430.25491527121403	-692.1507346823664	97.2708099014843	0.38997166208610945
12.46	-430.2548282801735	-689.7956128548783	96.39612566100072	0.6104712967857328
12.48	-430.25495216118554	-688.1879971225718	95.7989945779242	0.7708733457749873
12.5	-430.2551937577274	-687.2220593979339	95.44014560777826	0.8552686661532112
12.52	-430.2555932022989	-686.5735267587721	95.19912553537803	0.8552866238297143
12.540000000000001	-430.2558500097815	-685.7430032884708	94.89056516716782	0.7709253091302783
12.56	-430.2554941295704	-684.4965794084065	94.4277626535173	0.6105517252092134
12.58	-430.2547826833078	-683.4246174612717	94.0298891629763	0.39007193081204894
12.6	-430.2547884635371	-683.4699442672146	94.04672185960598	0.13135344421339115
12.620000000000001	-430.25530648620827	-684.598040932963	94.46551620342692	0.0
12.64	-430.25555455810803	-685.9784756666016	94.97813177210769	0.0
12.66	-430.2554418859222	-687.0350414739427	95.37059306354848	0.0
12.68	-430.2552249671522	-687.7008191560443	95.61795033088653	0.0
12.700000000000001	-430.25491154993927	-688.150822927694	95.78520278177218	0.0
12.72	-430.2546158292186	-688.731429901805	96.00095603712111	0.0
12.74	-430.2545962087108	-689.7672079642098	96.38566198522493	0.0
12.76	-430.2548259725644	-691.2231870389778	96.92634230156045	0.0
12.780000000000001	-430.2550144407042	-692.7396400585837	97.48949860270965	0.0
12.8	-430.2550785770734	-694.0109405553991	97.96164890520335	0.0
12.82	-430.25519775769834	-694.9215800405012	98.29982554218586	0.0
12.84	-430.255418434188	-695.344920280065	98.4569765141942	0.0
12.86	-430.25546524246914	-695.0994225899683	98.36577875365808	0.0
12.88	-430.25519461058497	-694.2805355022895	98.06173615445637	0.0
12.9	-430.2549224408641	-693.4034574949371	97.73608141836885	0.0
12.92	-430.2549771551378	-692.9766174664095	97.57752830565275	0.0
12.94	-430.2553780123836	-693.036585983007	97.59965234903039	0.0
12.96	-430.25561880411885	-693.1557593565949	97.64382513722722	0.0
12.98	-430.25517055418265	-693.1427641217523	97.63916505755732	0.0
13.0	-430.2546897430294	-693.6226217610354	97.8175677147888	0.0
13.02	-430.25488735431725	-695.1802172864033	98.39600137127884	0.0
13.040000000000001	-430.25536251537335	-697.4647602062428	99.24432770678992	0.0
13.06	-430.25577282033174	-699.6458088753274	100.05423929781003	0.0
13.08	-430.2560152378046	-700.9887215105974	100.55292087206877	0.0
13.1	-430.2561500834115	-701.0635704301611	100.5806704501306	0.0
13.120000000000001	-430.2561340954785	-699.7203390158263	100.08178637976995	0.0
13.14	-430.25560827369776	-697.1801124556212	99.13851531767594	0.18076233796190047
13.16	-430.2549528669382	-694.40515282982	98.1081101019454	0.3438494504542627
13.18	-430.25530514213324	-692.4155681306423	97.36902697497776	0.47290369809107213
13.200000000000001	-430.2557498373558	-690.9277686170382	96.81627771823416	0.5551257251909995
13.22	-430.255011092057	-689.4608678764668	96.27173002347676	0.5823608999576737
13.24	-430.2542676829726	-688.8629619871876	96.04993771605497	0.5519080738347926
13.26	-430.25481923368307	-689.9039919418958	96.43638213227138	0.4667874754397995
13.280000000000001	-430.2558665639352	-691.6577264029906	97.08734821910812	0.3354411698825973
13.3	-430.25632544103877	-692.4600635236205	97.38517407354733	0.17089579135956512
13.32	-430.25593314250204	-691.4541548761156	97.01171492535155	0.0
13.34	-430.2550565333796	-689.0391668308623	96.11508902611858	0.0
13.36	-430.254160232375	-686.462819762294	95.15854003428822	0.0
13.38	-430.25381612977264	-685.008760449947	94.61861520411759	0.0
13.4	-430.2541177045019	-685.1922026428342	94.6866355195779	0.0
13.42	-430.25458777440315	-686.6087335499589	95.21257512722873	0.0
13.44	-430.25476489128124	-688.559530432609	95.9370554371974	0.0
13.46	-430.2546874434052	-690.6816181411435	96.72524947547144	0.0
13.48	-430.25470960693156	-692.9282735166529	97.55967223400386	0.0
13.5	-430.25490879155024	-695.1392492753434	98.38077746720195	0.0
13.52	-430.25503300531796	-696.9448443028124	99.05134795854111	0.0
13.540000000000001	-430.2549609377113	-698.0845690574787	99.47468026019796	0.0
13.56	-430.25479848571666	-698.5806585222505	99.6589933430397	0.0
13.58	-430.25461554272	-698.6173546681599	99.6726906172245	0.0
13.6	-430.25443314672884	-698.4280191629292	99.602437200532	0.0
13.620000000000001	-430.2543395755123	-698.2368100078671	99.53145490051955	0.0
13.64	-430.25441348942957	-698.1362480950904	99.4940777159977	0.0
13.66	-430.254646198758	-697.9845288924536	99.43764120786186	0.0
13.68	-430.25491200642597	-697.4332955862677	99.23280874591143	0.0
13.700000000000001	-430.25495957879235	-696.132974825473	98.74983852813084	0.0
13.72	-430.2546416761352	-694.0854366854854	97.98947980617962	0.0
13.74	-430.25429385942255	-691.7998254169805	97.1407093779464	0.0
13.76	-430.2544675817029	-689.8050252992587	96.39975550710722	0.0
13.780000000000001	-430.2549993887064	-687.9498358381564	95.71052147845451	0.0
13.8	-430.2552171755923	-685.6188610359138	94.84469249465968	0.0
13.82	-430.2550704891508	-682.580845131286	93.71639651844987	0.0
13.84	-430.2550373274009	-679.0953479801321	92.4218592253611	0.0
13.86	-430.25513949417916	-675.3530899734736	91.03190803854291	0.0
13.88	-430.2548370248375	-671.4602274120685	89.58617105199411	0.0
13.9	-430.2540522571487	-668.0778879581704	88.33022674637938	0.0
13.92	-430.2536859609087	-666.4072751273802	87.70987994773199	0.0
13.94	-430.2542647460418	-666.9747372728501	87.9204262775803	0.0
13.96	-430.2550102222899	-668.9565875094444	88.6562290291165	0.0
13.98	-430.2552016033359	-671.1591961829772	89.4742295388723	0.0
14.0	-430.25488083540836	-673.0735813195654	90.18537107016574	0.0
14.02	-430.2545678784906	-674.9100758790184	90.86758033624811	0.0
14.040000000000001	-430.2546391307364	-676.9313287567259	91.61826804905196	0.0
14.06	-430.2549785765115	-678.9394516303727	92.36397953301137	0.0
14.08	-430.2552665132807	-680.4084290156369	92.90946594997706	0.0
14.1	-430.2553448591448	-680.9213232767402	93.09993107277984	0.0
14.120000000000001	-430.2552138279541	-680.4210769206759	92.91418308029958	0.0
14.14	-430.25506336808854	-679.1971072557977	92.45964399864405	0.0
14.16	-430.2551106780422	-677.5933976525043	91.86399213147263	0.0
14.18	-430.25500509550466	-675.7551249681607	91.18127790132966	0.0
14.200000000000001	-430.25446266992276	-674.044903602367	90.54628550030611	0.0
14.22	-430.2541559082011	-673.2890800686206	90.26567877479889	0.0
14.24	-430.25441624825737	-673.9279564923845	90.50286737833608	0.0
14.26	-430.254968034788	-675.5250422714674	91.09583657822623	0.0
14.280000000000001	-430.2554854459426	-677.1165749431009	91.68675606407507	0.0
14.3	-430.2555247484334	-677.7926698654084	91.93785009767161	0.0
14.32	-430.2552050664843	-677.3181731283354	91.76173584624026	0.0
14.34	-430.2548503037253	-676.0527463109141	91.29187503052579	0.0
14.36	-430.25447076518515	-674.5396310873278	90.73002938678029	0.0
14.38	-430.2542084631083	-673.379327670948	90.29917814615727	0.0
14.4	-430.2543612888697	-672.9614210773082	90.14390656372602	0.0
14.42	-430.25475824965275	-673.095500853005	90.19355774069328	0.0
14.44	-430.255174200761	-673.2191184246257	90.23931609390168	0.0
14.46	-430.25562425989006	-672.7472680576631	90.0638988418583	0.0
14.48	-430.25564587877597	-671.225789108643	89.49879783017153	0.0
14.5	-430.2542950308937	-669.0849408517664	88.70416641443181	0.0
14.52	-430.25351663715014	-668.4484647513272	88.46806172623234	0.0
14.540000000000001	-430.2556234733214	-670.2318117052221	89.1296326870425	0.0
14.56	-430.25695510166344	-671.6590841007593	89.65924180263845	0.0
14.58	-430.2565108651206	-670.5215438147283	89.23691259586386	0.0
14.6	-430.2554870903658	-667.1459895659018	87.98357715512175	0.0
14.620000000000001	-430.25446548079583	-663.0299351882281	86.45521152093727	0.0
14.64	-430.2537627510037	-659.8090396403574	85.25919867828203	0.0
14.66	-430.253509380369	-658.6712849104463	84.8367189352696	0.0
14.68	-430.2538005557221	-660.0508300029081	85.34898807296952	0.0
14.700000000000001	-430.2545137360218	-663.467906394664	86.61786062405932	0.0
14.72	-430.25492321158293	-667.8055610951617	88.22875825778058	0.0
14.74	-430.2549121200716	-672.2551598599467	89.88138927510926	0.0
14.76	-430.2550430645162	-676.5067558988583	91.46042728318628	0.0
14.780000000000001	-430.25514200424567	-680.1439033981477	92.81126464987224	0.0
14.8	-430.2548747104404	-682.833608398753	93.81034811855143	0.0
14.82	-430.25450819847697	-684.7519839692474	94.52298872798295	0.0
14.84	-430.2543988365553	-686.282756855324	95.09157419246806	0.0
14.86	-430.2545844389622	-687.5327290832716	95.55575784207242	0.0
14.88	-430.25486564252503	-688.2466797653683	95.82082205094386	0.0
14.9	-430.25498357748336	-688.0730473453299	95.75628937612223	0.0
14.92	-430.25474189839656	-686.9338285343521	95.33326151593184	0.0
14.94	-430.25427501312913	-685.2695740560399	94.7153136348111	0.0
14.96	-430.2541331642384	-683.7980449108925	94.16882520934696	0.0
14.98	-430.25457140511895	-682.7721545968016	93.7876361930749	0.0
15.0	-430.25510602619084	-681.6633788723183	93.37562688346907	0.0
15.02	-430.2552624796202	-679.7928861381976	92.68084847148955	0.0
15.040000000000001	-430.2549897608594	-677.0167065310151	91.64984800781288	0.0
15.06	-430.2542988045334	-673.8771915611193	90.48405637881844	0.0
15.08	-430.25336638049356	-671.5517553672914	89.62071169155037	0.0
15.1	-430.2530590533003	-671.4381138642084	89.57861820909959	0.0
15.120000000000001	-430.25388455930243	-673.9410084990245	90.50791250305377	0.0
15.14	-430.25500740236697	-677.8512489028479	91.95979910433695	0.0
15.16	-430.25570840825344	-681.420357836437	93.28514263203027	0.0
15.18	-430.25594055039795	-683.4522007473744	94.03970383628844	0.0
15.200000000000001	-430.2556950286543	-683.5351261937923	94.07059439212684	0.0
15.22	-430.2550528735481	-682.0551023755344	93.5211367763019	0.0
15.24	-430.2544104280054	-680.0082964824448	92.76117055698157	0.0
15.26	-430.25418414429515	-678.409820131949	92.16756398941253	0.16995461376566787
15.280000000000001	-430.2540920646805	-677.7968334677913	91.93992861609203	0.45343425039161167
15.3	-430.2541241899694	-678.3559380124898	92.14757388187681	0.6919461623463382
15.32	-430.2544101987915	-680.0018409076895	92.75877297503305	0.8618365042586523
15.34	-430.2550759928843	-682.2206288088674	93.58260641499277	0.94625692842577
15.36	-430.2557674006913	-683.986659262945	94.23827155377786	0.9368355299740351
15.38	-430.2560535447698	-684.2825034064914	94.34804484472136	0.8345071413240133
15.4	-430.2556732352523	-682.7662026194797	93.78501633619597	0.6494206282776889
15.42	-430.2547059836635	-680.153302409447	92.81491748220331	0.3999323806700564
15.44	-430.25393200196606	-677.9910683941521	92.01212892104785	0.11078581940384867
15.46	-430.2539961122515	-677.5269796198871	91.83973775000952	0.0
15.48	-430.25460182797633	-678.7360296166504	92.28856642624312	0.0
15.5	-430.2548847660448	-680.8273104070303	93.0651846061511	0.0
15.52	-430.255270847611	-683.2388745572487	93.96072102243232	0.0
15.540000000000001	-430.2558816271251	-685.2678207770749	94.71406573589377	0.0
15.56	-430.2559691638644	-686.0024213101291	94.98687144235888	0.0
15.58	-430.25533910933416	-685.2588151533935	94.71092245103301	0.0
15.6	-430.25458859634637	-683.8685563254129	94.19484472414112	0.0
15.620000000000001	-430.2543538877077	-682.8839467048487	93.82923772382708	0.0
15.64	-430.2547652550248	-682.6721753680088	93.75043087793377	0.0
15.66	-430.2553911861927	-682.7118931780219	93.7649500051363	0.0
15.68	-430.2556714923167	-682.1878719159686	93.57021899230878	0.0
15.700000000000001	-430.2552900659714	-680.8088188834985	93.05816613091736	0.0
15.72	-430.2544214647729	-679.2625577610971	92.4841914012287	0.0
15.74	-430.2539780944313	-678.863173105749	92.33602049119669	0.0
15.76	-430.25443308573244	-680.2646052987117	92.85635788094787	0.0
15.780000000000001	-430.2549597043999	-682.8347243935885	93.81073104291596	0.0
15.8	-430.25509717288026	-685.6467446197175	94.85509331566806	0.0
15.82	-430.2550330366433	-688.2224568480092	95.81176323757109	0.0
15.84	-430.2551053569024	-690.3965224058421	96.61920676001684	0.0
15.860000000000001	-430.25549255506417	-691.8935583727849	97.17507755705634	0.0
15.88	-430.256544441766	-692.0716685799383	97.24083884438366	0.2842353999822338
15.9	-430.25644752730875	-690.0545825330178	96.49170826674282	0.8871971085415349
15.92	-430.2557649109436	-686.0570805208374	95.0072482989013	1.4025983858881983
15.94	-430.2548635876782	-681.2567333252279	93.22468457516219	1.7793205861879966
15.96	-430.25415119100256	-677.1774702048424	91.70986874873343	1.979999572765289
15.98	-430.2538718699226	-675.0510898463394	90.92021288363597	1.98473156493149
16.0	-430.25411196856527	-675.4061953497667	91.05201355692287	1.7930472319064605
16.02	-430.2547713238295	-677.9254789734148	91.98745660055016	1.423958241953453
16.04	-430.2554439587399	-681.6238922257677	93.36083562383111	0.9140716499518149
16.06	-430.2556763352417	-685.4501248211345	94.78185158662508	0.3139591396042143
16.080000000000002	-430.255702464162	-688.931776850457	96.07496337385234	0.0
16.1	-430.25619676168736	-692.0737366501046	97.24173607895338	0.0
16.12	-430.2567120506158	-694.1034283692622	97.99539314474842	0.0
16.14	-430.2567546466871	-694.2206539925186	98.03891613028757	0.0
16.16	-430.25648890949066	-692.3415317972704	97.34108945335076	0.0
16.18	-430.2562751361415	-688.9421352273563	96.07859788564083	0.0
16.2	-430.25574338951475	-684.6535924279691	94.48598633152618	0.0
16.22	-430.25460087170126	-680.6661802051945	93.00544462773291	0.0
16.240000000000002	-430.25426100906486	-678.7727407240836	92.30232789403617	0.0
16.26	-430.2551063294426	-679.5497386637282	92.59059898615594	0.0
16.28	-430.2560581083088	-681.8195294974006	93.4332692238608	0.0
16.3	-430.25667439618854	-684.0532341045811	94.26266126947769	0.0
16.32	-430.2567857130631	-685.2253042721444	94.69793888037665	0.0
16.34	-430.2563968956798	-685.1389491898422	94.66601012247715	0.0
16.36	-430.25615058815237	-684.3364803411522	94.36805639234295	0.0
16.38	-430.2564124495917	-683.2238518928491	93.95471744709533	0.0
16.4	-430.25643846554533	-681.6102965813886	93.35541669112156	0.0
16.42	-430.2556607633958	-679.617028348132	92.61538514683194	0.0
16.44	-430.2547338758655	-678.3674301259373	92.15161572776805	0.0
16.46	-430.2546191097696	-679.1030822617965	92.42488714772735	0.0
16.48	-430.25538261911254	-681.890058066017	93.45971514570593	0.0
16.5	-430.2565130729458	-685.4864332962462	94.7950261559405	0.0
16.52	-430.25732738440763	-688.133662932407	95.7779321165929	0.0
16.54	-430.25726718198587	-688.6180884800465	95.95787512370215	0.0
16.56	-430.25627218734974	-687.0951652246565	95.39261526247819	0.0
16.580000000000002	-430.25574539285	-685.0578461892799	94.63612960601904	0.09282672928833857
16.6	-430.25599898312345	-683.6526460603593	94.11412959146197	0.6313107482634173
16.62	-430.2568050260276	-682.5363773206227	93.69923648979925	1.1072718772157262
16.64	-430.2569012178409	-680.7031091153325	93.01830603374323	1.473505058002456
16.66	-430.25627208960776	-678.0323627876154	92.02659695220976	1.6936878745468622
16.68	-430.2553783418083	-675.4957190781197	91.08479324936171	1.7459829514565075
16.7	-430.2546144663745	-674.5164247837521	90.72135695405564	1.6252037494899532
16.72	-430.25463516428255	-676.2073181528035	91.34936451268031	1.697617971483231
16.740000000000002	-430.25532115839997	-680.7301349381091	93.02893055359048	1.660499185454857
16.76	-430.25679069657116	-686.9273739251587	95.33010326268646	1.4593624698383456
16.78	-430.2575528147538	-692.5404746279931	97.41458372823139	1.241523954203716
16.8	-430.25767942237815	-695.9798365806519	98.69195122575572	1.3224492858240362
16.82	-430.2569889482835	-697.0481732215794	99.08899892784832	1.2727912458849007
16.84	-430.25642090573336	-696.6676465285933	98.94787836418266	1.0974751242644802
16.86	-430.25650969756657	-695.7183190819545	98.59525537593706	0.8138894617414068
16.88	-430.25677213634236	-694.2926473849095	98.06564872330198	0.45016139263656385
16.9	-430.2565309595168	-692.2867686026941	97.32073421995563	0.042366893723976784
16.92	-430.2562750777804	-690.2425351598406	96.56157986141203	0.0
16.94	-430.2564090776418	-688.6807536333597	95.98146831710935	0.0
16.96	-430.2563572047361	-687.4724437613136	95.53270882789495	0.0
16.98	-430.2565129921291	-686.5304950252671	95.18280148606394	0.24153306323863627
17.0	-430.25636045536197	-685.7302160505863	94.88562627030659	0.6561797722326779
17.02	-430.2559671855054	-685.1593520845572	94.67374756691024	1.006160653099835
17.04	-430.25566072249956	-685.219780268951	94.69630504169135	1.2567639892865579
17.06	-430.25588631218113	-686.1784735660046	95.05228983889093	1.3831345079913306
17.080000000000002	-430.2563895644198	-687.6132349592131	95.58498811293595	1.3727385664665872
17.1	-430.256651419951	-688.7288532093551	95.99924298755182	1.22660725950297
17.12	-430.2564181759939	-689.0819808549475	96.13048486835494	0.9592341556354058
17.14	-430.25581786839825	-688.9603163415442	96.08552037302444	0.5971378044598228
17.16	-430.25549482330905	-689.1476816862107	96.15522977778583	0.17623158639157072
17.18	-430.25603875833605	-690.0246919976595	96.48075843447707	0.0
17.2	-430.256793188733	-690.9251877747565	96.81493165531025	0.0
17.22	-430.25685585807486	-690.7216300323676	96.73930493318058	0.0
17.240000000000002	-430.25641237227626	-689.1639706055553	96.1609388633652	0.0
17.26	-430.2560123570381	-686.7721712124179	95.27274845693118	0.0
17.28	-430.2558960476375	-684.1023819458555	94.28120437158043	0.0
17.3	-430.2559173615605	-681.3728547377891	93.26742188358094	0.0
17.32	-430.2558634340638	-678.6147549447968	92.24305518813158	0.0
17.34	-430.25576070383266	-675.9330215732766	91.24706989550147	0.0
17.36	-430.2556933853798	-673.491832598214	90.34041212165702	0.0
17.38	-430.25557888794356	-671.4309882388748	89.57503578573012	0.0
17.400000000000002	-430.2555255535314	-669.9446651980251	89.02301987954928	0.0
17.42	-430.25585399469264	-669.1228980199619	88.71768508314736	0.0
17.44	-430.25630684110604	-668.595923983748	88.52179329628217	0.0
17.46	-430.2560449319159	-667.9243688668529	88.27246807168851	0.0
17.48	-430.2554232954256	-667.554851520313	88.13545639824376	0.0
17.5	-430.25577984088807	-668.2270422458716	88.38498254556593	0.0
17.52	-430.2565036116191	-669.4042588391095	88.82194412038537	0.0
17.54	-430.2566800770231	-669.9605311146267	89.02848384276109	0.0
17.56	-430.25652464951224	-669.4487872964307	88.83847463524478	0.0
17.580000000000002	-430.2563008213458	-668.0138138208347	88.30559381062861	0.0
17.6	-430.25600734148327	-666.0401761772832	87.57267342477454	0.0
17.62	-430.2555835513586	-664.0938633151799	86.849950143298	0.0
17.64	-430.25486706123297	-662.9855027669743	86.43855971005532	0.0
17.66	-430.25429351461014	-663.8462052470469	86.75844651410496	0.0
17.68	-430.2550465678076	-667.3161831728842	88.0469524316518	0.0
17.7	-430.25640551973214	-672.1462116163519	89.8403701091277	0.0
17.72	-430.2569594161569	-676.1715354846548	91.33521120934834	0.0
17.740000000000002	-430.25677228342647	-678.2646333703574	92.11267886635576	0.0
17.76	-430.2564579206563	-678.4720554901628	92.18983433967199	0.0
17.78	-430.25624342293645	-677.211672454851	91.72179474079816	0.0
17.8	-430.25591350443375	-674.9026073988254	90.86430668627402	0.0
17.82	-430.2555315437638	-672.140661891777	89.8386334878449	0.0
17.84	-430.25547726301795	-669.5651647947363	88.88208744919791	0.0
17.86	-430.2557363717627	-667.3716181863633	88.06728536739932	0.0
17.88	-430.25591287193095	-665.3187974460859	87.30478100687667	0.0
17.900000000000002	-430.2557367426337	-663.2538538181778	86.53790505101104	0.0
17.92	-430.255193233377	-661.5185704130162	85.89360475243242	0.0
17.94	-430.25498000720074	-660.8725535463019	85.65374661611816	0.0
17.96	-430.25559236095876	-661.513073104164	85.89141475509402	0.0
17.98	-430.2560546136859	-662.5261791506811	86.26752110984653	0.0
18.0	-430.25597451024845	-663.0668570866567	86.46836422590967	0.0
18.02	-430.2557777441896	-663.0059544012746	86.4458174210326	0.0
18.04	-430.2556648099238	-662.4812743429861	86.25098777802378	0.0
18.06	-430.25557759955154	-661.5926990665138	85.92099414173101	0.0
18.080000000000002	-430.25548346460323	-660.4374224770713	85.49194745749881	0.0
18.1	-430.2553881733214	-659.1519111015509	85.01453065926428	0.0
18.12	-430.2552273967516	-657.9147467555991	84.55509476862903	0.0
18.14	-430.25505885224925	-656.9980677423777	84.21469332283296	0.0
18.16	-430.2551029977283	-656.6553434904544	84.08738560292005	0.0
18.18	-430.2559281033459	-656.7369155746851	84.11737586402637	0.3901565345927956
18.2	-430.2561189716052	-656.5372426792289	84.04314439973547	0.9672986900241347
18.22	-430.2560060625093	-655.7899853500746	83.76564725214502	1.4487584303260412
18.240000000000002	-430.2555295590997	-654.7111195353623	83.36512233374285	1.7867852364820038
18.26	-430.25492258030147	-654.0272417807797	83.11134851676482	1.9478540647707951
18.28	-430.2547778625923	-654.5844404656799	83.31835160786783	1.9159903310594881
18.3	-430.2554106259715	-656.5237781745	84.03840663061331	1.6943542563610545
18.32	-430.2563000129876	-658.890544001348	84.91711755447118	1.3049274364896108
18.34	-430.25680874105404	-660.3301486279867	85.45161262161186	0.7863327221808729
18.36	-430.2568048471663	-659.9984166685362	85.32840539487226	0.1900036364309482
18.38	-430.2563091206366	-657.9466970796526	84.56655968527282	0.0
18.400000000000002	-430.25587836446095	-654.9953987099354	83.47057700282066	0.0
18.42	-430.25541120796703	-651.8656498881816	82.30832950045853	0.0
18.44	-430.255116059946	-649.3028645623502	81.35659420540634	0.0
18.46	-430.2552137023923	-647.7786854109049	80.79046207473985	0.0
18.48	-430.25556062155397	-647.2035567031579	80.57672448842088	0.0
18.5	-430.255786796655	-647.121566875238	80.54618861649026	0.0
18.52	-430.2557556686637	-647.2047194030521	80.57708388465049	0.0
18.54	-430.2556515784522	-647.4523842202057	80.66910781363872	0.0
18.56	-430.25563524449933	-647.9710511254391	80.86175212110194	0.0
18.580000000000002	-430.2556366946241	-648.7663119709749	81.15711966704953	0.0
18.6	-430.2555566761045	-649.8163651427708	81.54714997053465	0.0
18.62	-430.25547014910984	-651.1847693104348	82.05542153634806	0.0
18.64	-430.25550076010927	-652.9212363240791	82.70035193503657	0.0
18.66	-430.2556384998106	-654.9048382063703	83.43703098548518	0.0
18.68	-430.2557557792583	-656.8683143016233	84.16624271009381	0.0
18.7	-430.2557322942307	-658.5872441342435	84.80467971060183	0.0
18.72	-430.25557375396943	-660.0539957568104	85.34950528250991	0.0
18.740000000000002	-430.25544906244085	-661.4649808787038	85.87360602882998	0.0
18.76	-430.25556719227416	-662.9797900135076	86.43617789857281	0.0
18.78	-430.2559118872597	-664.4429540616823	86.97948410156681	0.0
18.8	-430.25615964068595	-665.4222327308195	87.34310628654066	0.0
18.82	-430.2560446478012	-665.6414798612265	87.42457964278692	0.0
18.84	-430.2557767682933	-665.3096218597424	87.30142364971888	0.0
18.86	-430.2557660620022	-664.8296890065462	87.12317561191486	0.0
18.88	-430.2559409743087	-664.2757357737383	86.91736670062458	0.0
18.900000000000002	-430.2559345157265	-663.4702542246904	86.61820494011523	0.0
18.92	-430.2556566114969	-662.4587565228628	86.24262747224299	0.0
18.94	-430.25531013185724	-661.6522110717788	85.94319685486828	0.0
18.96	-430.25515530448797	-661.5526125096029	85.90626242557491	0.0
18.98	-430.25532351976307	-662.3779000883483	86.21272027179258	0.0
19.0	-430.2557226911955	-663.8717014636932	86.76738526113775	0.0
19.02	-430.25612137963	-665.4345644874147	87.3477006387458	0.0
19.04	-430.2563414808586	-666.458893609624	87.72806529718972	0.0
19.06	-430.25631470320934	-666.6069546107288	87.7830666263759	0.0
19.080000000000002	-430.2560785274568	-665.9224332446321	87.5289160453623	0.0
19.1	-430.2558165585569	-664.7615451982084	87.09784754336272	0.0
19.12	-430.2557819733925	-663.5125303307628	86.63396337796584	0.0
19.14	-430.2560147437947	-662.2446849862174	86.16298608044104	0.0
19.16	-430.2562585236924	-660.6609619882246	85.57468447376068	0.0
19.18	-430.25628380292915	-658.4475827647899	84.75260320076241	0.0
19.2	-430.2560777440749	-655.6116246750056	83.69937563360028	0.0
19.22	-430.2557294805543	-652.5305024753292	82.55514440239146	0.0
19.240000000000002	-430.25529078293994	-649.834065556142	81.55382284218112	0.0
19.26	-430.25483160972243	-648.2977413568273	80.98338672249143	0.0
19.28	-430.2546356938907	-648.674154182306	81.12326309533927	0.0
19.3	-430.25497074171494	-651.2690652917693	82.08691541874818	0.0
19.32	-430.25561848933023	-655.5971408150874	83.69416675051521	0.0
19.34	-430.256151039481	-660.6740031141322	85.57956800324288	0.0
19.36	-430.25649528265694	-665.5972708829737	87.4079926016241	0.0
19.38	-430.2567879937301	-669.7097770318911	88.93531110745683	0.0
19.400000000000002	-430.2569695218815	-672.4854268138462	89.96614865770998	0.0
19.42	-430.2569716107978	-673.617711990113	90.38669028068043	0.03381148072086147
19.44	-430.2567833741249	-673.0727689685543	90.18436273210523	0.38333045714932223
19.46	-430.25664588012717	-671.1219779010612	89.45986986559926	0.6954037393821803
19.48	-430.2565927660161	-668.1223281456976	88.34578871940747	0.9390790954501496
19.5	-430.2564335382688	-664.3962673291472	86.96195042076273	1.0901881803533857
19.52	-430.2559925610333	-660.4619325588613	85.500861671134	1.1337436137757964
19.54	-430.2551836800061	-657.2635947838223	84.31326644375223	1.0654254663976914
19.56	-430.25458279241207	-656.1638202265054	83.90502200015354	0.8920097210963039
19.580000000000002	-430.2552544236398	-658.0179865122046	84.59342904152547	0.630696213147307
19.6	-430.256727448966	-661.8616493804798	86.02045799776923	0.3074027062450111
19.62	-430.25741186065295	-665.5722061166739	87.39834286224425	0.0
19.64	-430.2572608213379	-667.9029967269872	88.26407864451922	0.0
19.66	-430.2568002086488	-668.9833733716468	88.66551275534387	0.0
19.68	-430.2566851812083	-669.4097421123637	88.82391322783623	0.0
19.7	-430.25671921164223	-669.4213624092376	88.82821648675379	0.0
19.72	-430.2565822079576	-669.0627346281622	88.69506931266976	0.0
19.740000000000002	-430.2563461906284	-668.5843384682786	88.51747570146416	0.0
19.76	-430.2561513554553	-668.3719219972927	88.43865439595216	0.0
19.78	-430.25605892550703	-668.7320393652333	88.57244003198818	0.0
19.8	-430.25620111810497	-669.7576480608511	88.95330887326965	0.0
19.82	-430.25666620368975	-671.1393472020632	89.46631345484892	0.0
19.84	-430.2570429026914	-672.1284230600352	89.83352652513845	0.0
19.86	-430.2569382810108	-672.1104882701745	89.82690421668218	0.0
19.88	-430.25648980630444	-671.1540813726513	89.47185139366033	0.0
19.900000000000002	-430.256053345414	-669.8653284630313	88.99335737012427	0.0
19.92	-430.25582589296357	-668.8950081634156	88.63305487604255	0.0
19.94	-430.25578915450376	-668.6284404451043	88.53406251972208	0.0
19.96	-430.2559825787538	-669.1440650770414	88.72549898912794	0.0
19.98	-430.25635708328844	-670.16946239408	89.10620303917322	0.0
